
Summary Statistics
=======================================================================
Statistic         N    Mean   St. Dev.  Min  Pctl(25) Pctl(75)   Max   
-----------------------------------------------------------------------
Year            3,580 1,990.0   5.8    1,980 1,985.0  1,994.0   1,999  
Tariff           897   20.8     15.0    0.0    11.0     27.0    102.2  
Openness        1,860   0.4     0.5      0      0        1        1    
Regime          2,292  -1.1     7.1     -10     -7       7        10   
Democracy       2,950   0.4     0.5      0      0        1        1    
Dictator        2,960   5.0     2.9      1      2        8        8    
Years of Office 2,385   8.4     8.3      0      2        12       44   
GATT/WTO        3,173   0.5     0.5      0      0        1        1    
Economic Crisis 2,379   0.1     0.3      0      0        0        1    
GDP PC 95       2,737 2,912.0 4,450.0  84.7   447.8   3,140.0  37,841.0
IMF             2,836   0.1     0.4      0      0        0        1    
-----------------------------------------------------------------------
